0	0	0	0	0	10	5
0	0	0	0	0	0	5
0	0	0	1	0	0	4
0	0	0	0	0	2	4
0	0	3	0	2	5	4
0	0	5	1	0	6	3
0	0	4	0	0	5	3
0	0	1	0	0	1	5
0	0	0	0	0	4	4
0	1	0	0	0	10	4
0	1	4	0	2	6	1
0	1	0	0	0	0	5
0	1	0	1	0	0	1
0	1	0	0	0	2	5
0	1	3	0	2	5	1
0	1	4	0	0	5	3
0	1	3	1	0	2	1
0	2	0	0	0	10	3
0	2	0	0	0	0	4
0	2	0	1	0	0	4
0	2	0	0	0	2	3
0	2	3	0	2	5	3
0	2	5	1	0	6	3
0	2	4	0	0	5	3
0	2	1	0	0	1	3
0	2	0	0	0	4	4
0	2	3	1	0	2	4
0	3	0	0	0	10	3
0	3	0	0	0	0	4
0	3	0	1	0	0	5
0	3	0	0	0	2	3
0	3	3	0	2	5	4
0	3	4	0	0	5	3
0	3	0	0	0	4	3
0	3	3	1	0	2	4
0	4	0	0	0	10	3
0	4	0	0	0	0	1
0	4	0	1	0	0	1
0	4	0	0	0	2	1
0	4	3	0	2	5	1
0	4	1	0	0	1	5
0	4	0	0	0	4	1
0	4	3	1	0	2	1
0	5	0	0	0	10	1
0	5	0	0	0	0	5
0	5	0	1	0	0	3
0	5	0	0	0	2	2
0	5	3	0	2	5	4
0	5	3	1	0	2	2
0	6	0	0	0	10	3
0	6	0	0	0	0	4
0	6	0	1	0	0	1
0	6	0	0	0	2	4
0	6	1	0	0	1	4
0	7	0	0	0	10	4
0	7	0	0	0	0	1
0	7	0	0	0	2	3
0	7	1	0	0	1	4
0	8	0	0	0	0	4
0	8	0	0	0	2	2
0	8	3	0	2	5	4
0	9	0	0	0	0	4
0	9	0	0	0	2	3
0	9	3	1	0	2	3
0	10	0	0	0	2	3
0	10	1	0	0	1	4
0	10	0	0	0	4	3
0	10	3	1	0	2	4
0	11	0	0	0	2	2
0	11	1	0	0	1	5
0	12	0	0	0	2	4
0	12	3	0	2	5	1
0	12	1	0	0	1	2
0	13	0	0	0	2	3
0	13	3	0	2	5	2
0	13	1	0	0	1	2
0	13	0	0	0	4	2
0	13	3	1	0	2	4
0	14	0	0	0	2	2
0	14	3	0	2	5	2
0	14	1	0	0	1	3
0	14	3	1	0	2	5
0	15	0	1	0	0	5
0	15	0	0	0	2	3
0	15	5	1	0	6	1
0	15	3	0	2	5	2
0	15	0	0	0	4	2
0	16	0	1	0	0	3
0	16	0	0	0	2	5
0	16	3	0	2	5	5
0	16	0	0	0	4	4
0	16	3	1	0	2	5
0	17	0	0	0	10	1
0	17	0	1	0	0	2
0	17	0	0	0	2	2
0	17	5	1	0	6	1
0	17	3	0	2	5	3
0	17	0	0	0	4	2
0	18	0	0	0	2	4
0	18	5	1	0	6	4
0	18	3	0	2	5	5
0	18	0	0	0	4	5
0	19	0	0	0	10	4
0	19	4	0	0	2	4
0	19	0	0	0	2	5
0	19	3	0	2	5	4
0	19	4	0	0	5	4
1	0	0	0	0	2	4
1	1	0	0	0	2	5
1	2	0	0	0	2	3
1	3	0	0	0	2	2
1	4	0	0	0	2	1
1	6	0	0	0	2	3
1	8	0	0	0	2	2
1	14	0	0	0	2	1
1	15	0	0	0	2	4
1	16	0	0	0	2	4
2	0	2	1	1	2	3
2	1	2	1	1	2	4
2	4	2	1	1	2	1
2	5	2	1	1	2	3
2	7	2	1	1	2	1
2	9	2	1	1	2	4
2	10	2	1	1	2	4
2	12	2	1	1	2	3
2	15	2	1	1	2	3
2	16	2	1	1	2	2
3	0	0	0	0	0	5
3	0	0	0	0	2	3
3	1	3	0	0	6	3
3	1	0	0	0	2	5
3	1	2	0	1	2	5
3	3	3	0	0	6	5
3	3	2	0	1	2	4
3	3	3	0	2	3	5
3	4	3	0	0	6	2
3	4	3	1	2	4	1
3	5	3	1	2	4	1
3	6	0	0	0	2	2
3	6	3	0	0	6	2
3	6	3	1	2	4	1
3	7	3	0	0	6	4
3	7	0	0	0	2	4
3	7	3	0	2	3	5
3	8	0	0	0	0	5
3	8	0	0	0	2	2
3	9	0	0	0	2	4
3	9	2	0	1	2	3
3	10	0	0	0	2	4
3	10	3	1	2	4	1
3	11	0	0	0	2	3
3	11	2	0	1	2	3
3	12	0	0	0	2	4
3	13	0	0	0	2	4
3	13	3	1	2	4	4
3	14	0	0	0	2	3
3	14	2	0	1	2	4
3	15	3	1	2	4	5
3	16	0	0	0	2	3
3	16	3	1	2	4	1
3	17	0	0	0	2	1
3	17	3	1	2	4	2
3	18	0	0	0	2	3
3	18	3	1	2	4	1
3	19	0	0	0	0	5
3	19	3	1	2	4	1
3	19	3	0	2	3	5
4	0	0	0	0	2	4
4	0	5	1	0	6	5
4	0	1	0	0	1	4
4	1	1	0	0	1	5
4	2	5	1	0	6	1
4	3	1	0	0	1	3
4	3	3	0	2	3	4
4	4	0	0	0	2	4
4	4	1	0	0	1	5
4	5	0	0	0	2	5
4	6	1	0	0	1	5
4	6	3	0	2	3	4
4	7	3	0	2	3	4
4	8	5	1	0	6	1
4	9	0	0	0	2	4
4	9	5	1	0	6	1
4	9	1	0	0	1	2
4	10	0	0	0	2	3
4	10	1	0	0	1	3
4	11	0	0	0	2	4
4	11	1	0	0	1	3
4	12	1	0	0	1	3
4	13	1	0	0	1	4
4	13	3	0	2	3	4
4	14	0	0	0	2	3
4	14	1	0	0	1	2
4	15	0	0	0	2	2
4	15	1	0	0	1	2
4	16	0	0	0	2	1
4	16	1	0	0	1	2
4	17	0	0	0	2	2
4	18	5	1	0	6	2
4	18	1	0	0	1	5
4	19	1	0	0	1	4
4	19	3	0	2	3	2
5	0	0	0	0	2	5
5	0	3	1	0	2	2
5	1	0	0	0	2	4
5	1	3	1	0	2	2
5	1	3	1	2	2	1
5	3	3	1	2	2	4
5	4	3	1	0	2	2
5	5	3	1	2	2	2
5	6	0	0	0	2	4
5	6	3	1	2	2	5
5	7	3	1	0	2	2
5	7	3	1	2	2	2
5	8	0	0	0	2	3
5	9	3	1	0	2	2
5	10	3	1	0	2	3
5	10	3	1	2	2	3
5	11	0	0	0	2	3
5	11	3	1	2	2	1
5	12	3	1	0	2	1
5	13	3	1	0	2	1
5	14	3	1	2	2	2
5	16	3	1	0	2	1
5	17	3	1	2	2	4
5	18	3	1	0	2	1
5	19	3	1	2	2	3
6	0	2	0	1	2	3
6	1	1	0	0	1	4
6	1	2	0	1	2	5
6	1	0	1	0	6	1
6	2	0	0	0	2	3
6	2	3	1	2	4	4
6	2	1	0	0	1	1
6	2	0	1	0	6	5
6	3	2	1	1	2	3
6	3	0	0	0	2	2
6	3	3	1	2	4	4
6	3	1	0	0	1	3
6	4	2	1	1	2	1
6	4	3	1	2	4	1
6	5	2	1	1	2	1
6	5	1	0	0	1	1
6	5	2	0	1	2	3
6	6	1	0	0	1	3
6	6	0	1	0	6	1
6	7	0	0	0	2	2
6	7	3	1	2	4	1
6	7	1	0	0	1	1
6	8	3	1	2	4	4
6	8	0	1	0	6	4
6	9	0	0	0	2	3
6	9	2	0	1	2	3
6	9	0	1	0	6	1
6	10	2	1	1	2	4
6	11	2	1	1	2	2
6	11	3	1	2	4	1
6	11	1	0	0	1	2
6	11	2	0	1	2	3
6	11	0	1	0	6	1
6	12	2	1	1	2	2
6	12	0	0	0	2	2
6	12	2	0	1	2	3
6	13	0	0	0	2	2
6	13	3	1	2	4	3
6	13	0	1	0	6	3
6	14	2	1	1	2	5
6	14	1	0	0	1	2
6	14	2	0	1	2	5
6	14	0	1	0	6	1
6	15	2	1	1	2	1
6	15	0	1	0	6	3
6	16	2	1	1	2	4
6	16	0	0	0	2	4
6	16	3	1	2	4	3
6	16	1	0	0	1	4
6	16	2	0	1	2	1
6	17	0	0	0	2	2
6	17	3	1	2	4	4
6	17	1	0	0	1	1
6	17	0	1	0	6	4
6	18	0	0	0	2	2
6	18	3	1	2	4	1
6	18	2	0	1	2	1
6	19	2	1	1	2	1
6	19	0	0	0	2	1
6	19	2	0	1	2	1
7	0	0	0	0	0	3
7	1	0	0	0	0	4
7	1	3	0	0	6	4
7	1	1	0	0	1	5
7	2	0	0	0	0	5
7	2	3	0	0	6	4
7	2	0	0	0	4	3
7	3	0	0	0	0	5
7	3	3	0	0	6	4
7	4	3	0	0	6	4
7	4	1	0	0	1	5
7	4	0	0	0	4	1
7	5	0	0	0	0	3
7	5	3	0	0	6	1
7	6	0	0	0	0	5
7	6	3	0	0	6	5
7	6	1	0	0	1	4
7	7	0	0	0	0	4
7	7	3	0	0	6	5
7	7	0	0	0	4	2
7	8	0	0	0	0	5
7	8	1	0	0	1	1
7	9	0	0	0	0	3
7	9	1	0	0	1	2
7	10	0	0	0	0	3
7	10	3	0	0	6	2
7	10	0	0	0	4	3
7	11	0	0	0	0	3
7	11	0	0	0	4	1
7	12	0	0	0	0	1
7	12	1	0	0	1	1
7	12	0	0	0	4	1
7	13	0	0	0	4	2
7	14	1	0	0	1	1
7	15	0	0	0	0	3
7	15	1	0	0	1	4
7	15	0	0	0	4	2
7	16	3	0	0	6	3
7	17	0	0	0	0	4
7	17	3	0	0	6	3
7	17	0	0	0	4	2
7	18	0	0	0	0	3
7	18	1	0	0	1	3
7	18	0	0	0	4	4
7	19	0	0	0	0	5
7	19	1	0	0	1	5
8	0	0	0	0	3	1
8	0	3	0	0	2	1
8	0	1	0	0	2	1
8	1	0	0	0	3	5
8	1	3	0	0	2	1
8	2	0	0	0	3	2
8	2	0	0	0	2	5
8	2	3	0	0	2	4
8	3	0	0	0	3	3
8	3	1	0	0	2	5
8	4	0	0	0	3	4
8	4	0	0	0	2	5
8	4	3	0	0	2	1
8	5	0	0	0	3	1
8	6	1	0	0	2	5
8	7	3	0	0	2	4
8	8	0	0	0	2	5
8	8	3	0	0	2	2
8	9	1	0	0	2	5
8	10	0	0	0	2	4
8	10	1	0	0	2	1
8	11	3	0	0	2	4
8	11	1	0	0	2	2
8	12	3	0	0	2	3
8	12	1	0	0	2	3
8	13	0	0	0	2	5
8	13	1	0	0	2	5
8	14	0	0	0	2	4
8	14	3	0	0	2	3
8	15	0	0	0	2	3
8	16	0	0	0	2	4
8	16	3	0	0	2	3
8	16	1	0	0	2	1
8	17	0	0	0	3	2
8	17	0	0	0	2	3
8	18	0	0	0	2	2
8	19	0	0	0	3	5
8	19	1	0	0	2	2
9	0	5	1	2	6	4
9	0	3	1	0	7	1
9	0	0	0	0	0	2
9	0	4	0	2	5	1
9	0	5	0	0	2	2
9	0	4	1	2	4	4
9	0	2	1	1	4	1
9	0	2	0	1	4	1
9	1	5	1	2	6	5
9	1	3	1	0	7	1
9	1	0	0	0	0	4
9	1	4	0	2	5	3
9	1	1	1	0	4	1
9	1	3	0	2	4	1
9	1	1	1	0	2	2
9	1	4	1	2	4	2
9	1	2	0	1	2	5
9	1	2	1	1	4	3
9	1	2	0	1	4	4
9	2	1	1	0	1	1
9	2	0	0	0	0	1
9	2	4	0	2	5	1
9	2	1	1	0	2	2
9	2	5	0	0	2	1
9	2	2	1	1	4	1
9	2	2	0	1	4	2
9	3	0	0	0	0	1
9	3	4	0	2	5	1
9	3	3	0	2	4	5
9	3	1	1	0	2	4
9	3	4	1	2	4	1
9	3	2	0	1	2	5
9	3	2	1	1	4	5
9	3	2	0	1	4	5
9	4	4	0	2	5	1
9	4	1	1	0	4	1
9	4	1	1	0	2	2
9	4	4	1	2	4	1
9	4	2	1	1	4	1
9	4	2	0	1	4	1
9	5	3	1	0	7	3
9	5	1	1	0	1	1
9	5	0	0	0	0	3
9	5	4	0	2	5	3
9	5	1	1	0	4	1
9	5	1	1	0	0	2
9	5	2	1	1	4	1
9	5	2	0	1	4	1
9	6	3	1	0	7	1
9	6	1	1	0	1	1
9	6	0	0	0	0	3
9	6	4	0	2	5	2
9	6	3	0	2	4	3
9	6	2	0	1	2	4
9	6	2	1	1	4	1
9	6	2	0	1	4	4
9	7	3	1	0	7	3
9	7	1	1	0	1	3
9	7	0	0	0	0	5
9	7	4	0	2	5	4
9	7	3	0	2	4	4
9	7	4	1	2	4	1
9	7	1	1	0	0	1
9	7	2	1	1	4	1
9	7	2	0	1	4	1
9	8	0	0	0	0	3
9	8	3	0	2	4	1
9	8	1	1	0	2	1
9	8	5	0	0	2	1
9	8	1	1	0	0	1
9	9	5	1	2	6	3
9	9	3	1	0	7	1
9	9	1	1	0	1	3
9	9	0	0	0	0	4
9	9	3	0	2	4	1
9	9	1	1	0	2	4
9	9	5	0	0	2	4
9	9	4	1	2	4	2
9	9	1	1	0	0	5
9	10	1	1	0	1	3
9	10	1	1	0	4	3
9	10	1	1	0	2	4
9	10	5	0	0	2	4
9	10	4	1	2	4	1
9	11	5	1	2	6	4
9	11	3	1	0	7	1
9	11	0	0	0	0	3
9	11	1	1	0	4	2
9	11	1	1	0	2	4
9	11	1	1	0	0	2
9	12	3	1	0	7	1
9	12	1	1	0	4	1
9	12	5	0	0	2	1
9	13	1	1	0	4	1
9	13	1	1	0	2	2
9	13	1	1	0	0	1
9	14	3	1	0	7	1
9	14	1	1	0	1	1
9	14	1	1	0	4	1
9	14	3	0	2	4	1
9	14	5	0	0	2	1
9	14	1	1	0	0	1
9	15	1	1	0	1	4
9	15	0	0	0	0	3
9	15	1	1	0	4	4
9	15	3	0	2	4	1
9	15	1	1	0	2	4
9	15	5	0	0	2	4
9	15	4	1	2	4	1
9	15	1	1	0	0	4
9	16	3	1	0	7	1
9	16	1	1	0	1	3
9	16	1	1	0	4	5
9	16	1	1	0	2	3
9	16	5	0	0	2	1
9	16	4	1	2	4	5
9	17	1	1	0	1	3
9	17	0	0	0	0	1
9	17	4	0	2	5	1
9	17	1	1	0	2	2
9	17	5	0	0	2	1
9	17	2	1	1	4	1
9	17	2	0	1	4	1
9	18	3	0	2	4	1
9	18	1	1	0	2	3
9	18	4	1	2	4	4
9	18	1	1	0	0	2
9	19	5	1	2	6	1
9	19	0	0	0	0	5
9	19	4	0	2	5	1
9	19	3	0	2	4	1
9	19	1	1	0	0	5
9	19	2	1	1	4	1
9	19	2	0	1	4	1
10	0	0	0	0	0	5
10	0	0	0	1	4	5
10	0	0	0	1	0	4
10	0	0	0	3	5	5
10	0	0	0	1	2	3
10	0	0	0	0	2	3
10	0	0	1	1	0	1
10	0	0	0	3	1	5
10	0	0	1	3	2	5
10	0	0	0	0	4	5
10	0	0	0	3	2	5
10	0	0	1	3	4	5
10	1	0	1	3	5	2
10	1	0	1	0	5	1
10	1	0	1	3	1	1
10	1	0	0	1	2	5
10	1	0	0	0	2	4
10	1	0	0	3	4	3
10	1	0	0	3	3	5
10	1	0	1	1	4	1
10	1	0	1	3	0	3
10	2	0	0	0	0	5
10	2	0	1	3	5	5
10	2	0	0	1	4	1
10	2	0	0	1	0	2
10	2	0	1	3	1	5
10	2	0	0	3	5	4
10	2	0	0	3	0	4
10	2	0	0	1	2	1
10	2	0	0	3	1	5
10	2	0	0	0	4	5
10	2	0	0	3	2	5
10	2	0	1	3	0	5
10	3	0	0	1	5	1
10	3	0	0	1	4	1
10	3	0	0	0	2	4
10	3	0	1	1	0	1
10	3	0	0	3	4	5
10	3	0	1	0	5	3
10	3	0	0	3	5	2
10	3	0	1	3	2	5
10	3	0	0	0	4	5
10	3	0	1	0	2	5
10	3	0	1	1	4	5
10	3	0	0	1	3	5
10	3	0	1	3	4	5
10	4	0	1	1	2	1
10	4	0	1	3	5	1
10	4	0	1	0	5	3
10	4	0	0	1	4	3
10	4	0	0	1	0	1
10	4	0	0	0	2	4
10	4	0	0	0	4	3
10	4	0	0	3	4	3
10	4	0	1	0	2	5
10	4	0	0	3	3	4
10	4	0	0	1	3	5
10	5	0	1	1	2	2
10	5	0	0	0	0	5
10	5	0	1	0	5	5
10	5	0	0	1	4	1
10	5	0	0	1	0	4
10	5	0	1	3	1	2
10	5	0	0	3	5	5
10	5	0	0	3	1	3
10	5	0	0	3	3	5
10	5	0	1	1	4	1
10	5	0	1	3	4	1
10	5	0	1	3	0	5
10	6	0	0	1	5	1
10	6	0	0	0	0	5
10	6	0	1	3	5	2
10	6	0	0	1	4	1
10	6	0	0	1	0	3
10	6	0	1	3	1	5
10	6	0	0	1	2	3
10	6	0	0	3	3	5
10	6	0	0	3	2	5
10	7	0	0	1	5	1
10	7	0	0	0	0	5
10	7	0	1	0	5	1
10	7	0	0	3	5	2
10	7	0	1	1	0	1
10	7	0	1	3	2	1
10	7	0	0	3	4	3
10	7	0	0	3	2	2
10	7	0	1	3	4	1
10	7	0	1	3	0	1
10	7	0	0	1	3	1
10	8	0	0	1	5	1
10	8	0	0	3	0	5
10	8	0	1	1	0	5
10	8	0	0	3	4	1
10	8	0	1	1	2	4
10	8	0	0	3	5	5
10	8	0	1	3	2	3
10	8	0	0	0	4	1
10	8	0	0	3	2	1
10	8	0	0	3	3	1
10	8	0	0	1	3	1
10	8	0	1	3	0	5
10	8	0	1	3	4	1
10	9	0	0	1	5	4
10	9	0	0	1	0	1
10	9	0	0	1	4	2
10	9	0	1	3	1	2
10	9	0	1	3	5	3
10	9	0	0	3	5	3
10	9	0	0	3	1	4
10	9	0	1	3	2	4
10	9	0	0	0	4	1
10	9	0	1	1	4	1
10	9	0	0	3	2	4
10	9	0	0	3	3	4
10	9	0	0	1	3	4
10	9	0	1	3	4	1
10	10	0	0	1	5	1
10	10	0	0	0	0	5
10	10	0	1	3	5	1
10	10	0	1	0	5	1
10	10	0	0	1	0	1
10	10	0	0	3	5	3
10	10	0	1	1	0	1
10	10	0	1	3	2	3
10	10	0	0	3	3	4
10	10	0	0	3	2	2
10	10	0	1	1	4	1
10	11	0	0	1	5	2
10	11	0	0	0	0	5
10	11	0	0	1	0	2
10	11	0	0	1	4	1
10	11	0	1	3	1	2
10	11	0	0	3	0	1
10	11	0	0	1	2	4
10	11	0	1	1	0	3
10	11	0	0	3	4	3
10	11	0	1	3	5	4
10	11	0	0	3	1	4
10	11	0	1	3	2	5
10	11	0	0	3	2	4
10	11	0	0	3	3	4
10	11	0	0	1	3	3
10	11	0	1	3	0	1
10	12	0	0	0	0	5
10	12	0	1	0	5	1
10	12	0	0	1	4	1
10	12	0	0	3	0	1
10	12	0	0	1	2	2
10	12	0	0	0	4	1
10	12	0	1	1	4	1
10	12	0	1	3	4	1
10	12	0	1	3	0	1
10	13	0	1	1	2	3
10	13	0	1	0	5	3
10	13	0	0	3	0	1
10	13	0	0	1	2	2
10	13	0	1	1	0	2
10	13	0	1	3	2	5
10	13	0	0	3	4	5
10	13	0	0	3	2	4
10	14	0	0	1	4	1
10	14	0	0	3	0	3
10	14	0	0	1	2	3
10	14	0	1	1	0	3
10	14	0	1	1	2	4
10	14	0	1	3	5	3
10	14	0	1	0	5	4
10	14	0	0	3	1	5
10	14	0	1	3	2	5
10	14	0	1	1	4	3
10	14	0	0	3	2	5
10	14	0	0	3	3	5
10	14	0	1	3	4	2
10	14	0	0	1	3	1
10	14	0	1	3	0	4
10	15	0	1	1	2	2
10	15	0	1	3	5	3
10	15	0	1	3	1	5
10	15	0	0	3	0	2
10	15	0	0	1	2	1
10	15	0	0	0	4	3
10	15	0	0	3	4	4
10	15	0	1	1	4	4
10	15	0	1	3	4	1
10	16	0	1	1	2	3
10	16	0	0	1	5	2
10	16	0	0	3	0	4
10	16	0	1	1	0	3
10	16	0	0	3	1	5
10	16	0	0	0	4	5
10	16	0	0	3	4	5
10	16	0	1	1	4	5
10	16	0	0	1	3	1
10	17	0	0	1	5	1
10	17	0	0	0	0	5
10	17	0	1	3	1	1
10	17	0	0	3	0	4
10	17	0	0	0	2	5
10	17	0	0	3	4	1
10	17	0	1	1	2	4
10	17	0	1	3	5	5
10	17	0	1	0	5	4
10	17	0	0	3	1	2
10	17	0	1	0	2	5
10	17	0	1	1	4	1
10	17	0	0	1	3	2
10	17	0	1	3	0	3
10	17	0	1	3	4	1
10	18	0	1	1	2	2
10	18	0	0	1	5	1
10	18	0	0	1	0	4
10	18	0	1	3	1	5
10	18	0	0	3	5	5
10	18	0	0	3	1	5
10	18	0	0	0	4	5
10	18	0	0	3	3	5
10	19	0	0	1	0	5
10	19	0	0	0	0	5
10	19	0	1	3	1	1
10	19	0	0	3	0	4
10	19	0	0	0	2	1
10	19	0	0	1	2	2
10	19	0	1	1	0	5
10	19	0	1	1	2	1
10	19	0	0	3	5	3
10	19	0	0	3	1	5
10	19	0	1	3	2	1
10	19	0	0	1	3	1
10	19	0	1	3	0	5
11	0	2	1	1	2	3
11	0	1	1	0	2	5
11	0	1	1	3	2	4
11	0	3	0	0	0	5
11	1	2	1	1	2	1
11	1	3	0	2	4	1
11	1	4	1	2	4	1
11	1	1	0	0	2	5
11	1	1	1	3	2	1
11	1	3	0	0	0	2
11	2	2	1	1	2	3
11	2	1	1	0	2	5
11	2	4	1	2	4	1
11	2	1	1	3	2	5
11	2	3	0	0	0	1
11	3	2	1	1	2	1
11	3	3	0	2	4	5
11	3	1	1	0	2	5
11	3	4	1	2	4	1
11	3	1	1	3	2	5
11	3	3	0	0	0	1
11	4	1	1	0	2	1
11	4	1	0	0	2	5
11	4	1	1	3	2	1
11	4	3	0	0	0	1
11	5	4	1	2	4	1
11	5	1	0	0	2	4
11	5	1	1	3	2	1
11	6	3	0	2	4	4
11	6	4	1	2	4	1
11	6	1	1	3	2	1
11	7	3	0	2	4	3
11	7	1	0	0	2	5
11	7	1	1	3	2	1
11	8	2	1	1	2	2
11	8	3	0	2	4	1
11	8	1	0	0	2	5
11	9	2	1	1	2	1
11	9	3	0	2	4	1
11	9	1	1	0	2	5
11	9	4	1	2	4	1
11	10	2	1	1	2	1
11	10	1	1	0	2	2
11	10	4	1	2	4	1
11	11	1	1	0	2	5
11	12	1	0	0	2	4
11	13	2	1	1	2	4
11	13	1	0	0	2	2
11	14	2	1	1	2	5
11	14	3	0	2	4	1
11	14	4	1	2	4	1
11	14	1	0	0	2	5
11	15	3	0	2	4	1
11	15	1	1	0	2	5
11	15	4	1	2	4	1
11	16	2	1	1	2	1
11	17	1	1	0	2	2
11	17	4	1	2	4	3
11	17	1	0	0	2	3
11	17	1	1	3	2	5
11	17	3	0	0	0	2
11	18	3	0	2	4	2
11	18	1	1	0	2	5
11	19	3	0	2	4	4
11	19	1	0	0	2	5
11	19	1	1	3	2	2
11	19	3	0	0	0	5
12	0	0	0	0	2	2
12	1	0	0	0	2	5
12	4	0	0	0	2	1
12	5	0	0	0	2	3
12	6	0	0	0	2	3
12	9	0	0	0	2	4
12	10	0	0	0	2	5
12	11	0	0	0	2	4
12	12	0	0	0	2	4
12	13	0	0	0	2	4
12	14	0	0	0	2	5
12	15	0	0	0	2	4
12	16	0	0	0	2	3
12	17	0	0	0	2	4
12	18	0	0	0	2	4
13	0	2	1	1	0	1
13	0	2	0	1	0	4
13	0	1	1	0	2	3
13	0	0	1	0	2	4
13	1	0	0	0	6	5
13	1	2	1	1	0	4
13	1	0	0	0	2	5
13	1	0	1	0	2	5
13	1	3	0	0	0	5
13	2	0	0	0	6	4
13	2	0	1	0	2	1
13	3	3	0	2	6	5
13	3	2	1	1	0	3
13	3	2	0	1	0	5
13	3	0	1	0	2	4
13	4	0	1	0	1	5
13	4	0	0	0	6	1
13	4	1	1	0	2	5
13	5	3	0	2	6	1
13	5	0	0	0	6	1
13	5	1	1	0	2	1
13	5	0	1	0	2	3
13	6	2	0	1	0	4
13	7	2	1	1	0	1
13	8	3	0	2	6	1
13	8	0	0	0	6	1
13	8	2	1	1	0	4
13	8	2	0	1	0	4
13	8	0	0	0	2	5
13	8	1	1	0	2	1
13	8	0	1	0	2	5
13	8	3	0	0	0	5
13	9	3	0	2	6	5
13	9	0	0	0	6	3
13	9	2	1	1	0	1
13	9	2	0	1	0	1
13	10	3	0	2	6	2
13	10	2	0	1	0	1
13	10	1	1	0	2	4
13	10	0	1	0	2	5
13	12	3	0	2	6	3
13	12	0	0	0	6	4
13	12	1	1	0	2	1
13	13	2	1	1	0	4
13	13	2	0	1	0	4
13	14	2	1	1	0	1
13	14	1	1	0	2	4
13	15	3	0	2	6	1
13	15	1	1	0	2	5
13	15	0	1	0	2	4
13	16	3	0	2	6	3
13	16	0	0	0	6	4
13	16	2	1	1	0	1
13	17	0	0	0	6	3
13	17	2	0	1	0	5
13	17	1	1	0	2	5
13	17	0	1	0	2	5
13	18	3	0	2	6	3
13	18	0	0	0	6	4
13	18	2	1	1	0	1
13	18	2	0	1	0	1
13	18	1	1	0	2	5
13	19	3	0	2	6	1
13	19	2	0	1	0	1
13	19	0	0	0	2	1
13	19	3	0	0	0	5
14	0	0	0	0	3	3
14	0	1	0	0	0	2
14	0	1	0	0	2	4
14	1	0	0	0	3	4
14	1	1	0	0	0	4
14	1	1	0	0	2	5
14	2	0	0	0	3	1
14	2	1	0	0	0	2
14	2	1	0	0	2	1
14	3	0	0	0	3	1
14	3	1	0	0	0	3
14	3	1	0	0	2	1
14	4	0	0	0	3	3
14	4	1	0	0	0	1
14	4	1	0	0	2	2
14	5	1	0	0	0	1
14	5	1	0	0	2	2
14	6	1	0	0	0	5
14	7	0	0	0	3	4
14	7	1	0	0	0	3
14	8	0	0	0	3	3
14	10	0	0	0	3	5
14	17	1	0	0	0	3
14	17	1	0	0	2	3
14	18	0	0	0	3	5
14	19	0	0	0	3	5
14	19	1	0	0	0	4
14	19	1	0	0	2	4
15	0	1	0	0	3	3
15	1	1	0	0	3	5
15	2	1	0	0	3	1
15	3	1	0	0	3	5
15	4	1	0	0	3	5
15	5	1	0	0	3	1
15	17	1	0	0	3	4
15	19	1	0	0	3	5
16	0	1	1	0	1	1
16	0	0	0	0	2	4
16	1	0	0	0	2	5
16	2	1	1	0	1	4
16	2	5	1	0	0	5
16	3	1	1	0	1	4
16	3	0	0	0	2	3
16	4	1	1	0	1	4
16	5	0	0	0	2	1
16	7	0	0	0	2	1
16	9	1	1	0	1	4
16	10	0	0	0	2	1
16	12	0	0	0	2	1
16	13	0	0	0	2	3
16	15	1	1	0	1	4
16	17	1	1	0	1	3
16	17	0	0	0	2	3
16	19	1	1	0	1	1
16	19	0	0	0	2	4
17	0	0	1	0	0	1
17	0	0	0	0	2	3
17	0	1	1	0	2	4
17	0	2	0	1	2	1
17	1	0	0	0	3	4
17	1	0	1	0	0	1
17	1	0	0	0	2	3
17	1	2	0	1	2	4
17	2	0	0	0	3	1
17	2	0	1	0	0	3
17	2	1	1	0	2	4
17	3	0	0	0	3	2
17	3	0	1	0	0	1
17	3	1	1	0	2	3
17	3	2	0	1	2	3
17	3	3	0	2	3	4
17	4	0	0	0	3	1
17	4	0	1	0	0	1
17	5	0	1	0	0	3
17	6	0	1	0	0	1
17	6	2	0	1	2	3
17	7	3	0	2	3	5
17	8	1	1	0	2	2
17	8	3	0	2	3	1
17	9	1	1	0	2	4
17	10	1	1	0	2	4
17	10	3	0	2	3	1
17	11	0	0	0	2	4
17	11	3	0	2	3	1
17	12	1	1	0	2	1
17	13	0	0	0	2	4
17	13	3	0	2	3	4
17	14	2	0	1	2	1
17	14	3	0	2	3	1
17	15	0	1	0	0	1
17	16	0	1	0	0	1
17	16	1	1	0	2	5
17	16	3	0	2	3	1
17	17	0	1	0	0	1
17	17	3	0	2	3	1
17	18	0	0	0	2	4
17	18	1	1	0	2	5
17	19	0	0	0	3	4
17	19	1	1	0	2	1
17	19	3	0	2	3	5
18	0	2	1	1	2	2
18	0	5	0	0	2	5
18	0	4	1	2	4	4
18	1	0	0	0	2	5
18	1	3	0	2	4	1
18	1	4	1	2	4	1
18	1	1	0	0	2	5
18	2	2	1	1	2	5
18	2	5	0	0	2	4
18	3	0	0	0	2	3
18	3	3	0	2	4	5
18	4	0	0	0	2	5
18	4	1	0	0	2	5
18	5	1	0	0	2	3
18	6	3	0	2	4	5
18	6	4	1	2	4	1
18	6	1	0	0	2	5
18	7	2	1	1	2	1
18	7	0	0	0	2	3
18	7	3	0	2	4	5
18	8	2	1	1	2	5
18	8	3	0	2	4	3
18	8	5	0	0	2	5
18	8	1	0	0	2	4
18	9	2	1	1	2	4
18	9	3	0	2	4	3
18	9	5	0	0	2	4
18	9	1	0	0	2	5
18	10	0	0	0	2	3
18	10	5	0	0	2	3
18	10	4	1	2	4	2
18	11	2	1	1	2	3
18	11	0	0	0	2	4
18	12	2	1	1	2	2
18	12	0	0	0	2	3
18	12	5	0	0	2	3
18	12	4	1	2	4	1
18	13	2	1	1	2	4
18	13	1	0	0	2	3
18	14	3	0	2	4	2
18	14	5	0	0	2	4
18	14	4	1	2	4	1
18	15	2	1	1	2	3
18	15	0	0	0	2	2
18	15	3	0	2	4	1
18	15	5	0	0	2	2
18	15	4	1	2	4	1
18	15	1	0	0	2	2
18	16	2	1	1	2	2
18	16	0	0	0	2	2
18	16	5	0	0	2	2
18	16	4	1	2	4	1
18	16	1	0	0	2	2
18	17	0	0	0	2	3
18	17	5	0	0	2	4
18	18	3	0	2	4	2
18	18	4	1	2	4	3
18	18	1	0	0	2	4
18	19	3	0	2	4	2
18	19	4	1	2	4	2
19	0	0	0	0	2	4
19	0	1	1	0	2	3
19	0	1	1	0	5	5
19	0	3	1	2	2	1
19	1	1	1	0	1	4
19	1	3	0	0	3	2
19	1	1	1	0	4	1
19	1	0	0	0	2	4
19	1	1	1	0	5	4
19	1	3	0	2	3	3
19	1	3	1	2	2	1
19	2	1	1	0	2	5
19	2	1	1	0	5	5
19	2	3	0	2	3	3
19	3	1	1	0	1	5
19	3	0	0	0	2	5
19	3	1	1	0	2	5
19	3	1	1	0	5	5
19	3	3	0	2	3	5
19	3	3	1	2	2	5
19	4	1	1	0	1	5
19	4	3	0	0	3	2
19	4	1	1	0	4	1
19	4	1	1	0	5	2
19	5	3	0	0	3	1
19	5	1	1	0	4	1
19	5	1	1	0	5	5
19	5	1	1	0	0	5
19	5	3	0	2	3	1
19	6	0	0	0	2	4
19	6	1	1	0	2	5
19	6	3	0	2	3	5
19	6	3	1	2	2	5
19	7	0	0	0	2	1
19	7	1	1	0	5	1
19	7	1	1	0	0	1
19	8	1	1	0	0	5
19	8	3	1	2	2	1
19	9	1	1	0	1	3
19	9	3	0	0	3	2
19	9	0	0	0	2	3
19	9	1	1	0	2	4
19	9	1	1	0	0	3
19	10	1	1	0	1	3
19	10	3	0	0	3	1
19	10	1	1	0	4	2
19	10	1	1	0	2	4
19	10	1	1	0	5	3
19	10	3	0	2	3	2
19	10	3	1	2	2	1
19	11	1	1	0	1	4
19	11	3	0	0	3	2
19	11	1	1	0	4	3
19	11	1	1	0	2	5
19	11	1	1	0	0	3
19	11	3	0	2	3	1
19	11	3	1	2	2	1
19	12	1	1	0	1	3
19	12	1	1	0	4	2
19	12	0	0	0	2	3
19	12	3	1	2	2	2
19	13	1	1	0	4	4
19	13	0	0	0	2	5
19	13	1	1	0	0	4
19	14	3	0	0	3	1
19	14	1	1	0	4	1
19	14	1	1	0	2	2
19	14	1	1	0	0	1
19	15	3	0	0	3	3
19	15	1	1	0	4	4
19	15	1	1	0	0	4
19	15	3	0	2	3	1
19	16	1	1	0	1	3
19	16	3	0	0	3	2
19	16	1	1	0	4	2
19	16	3	0	2	3	1
19	16	3	1	2	2	1
19	17	3	0	0	3	5
19	17	0	0	0	2	3
19	17	1	1	0	2	5
19	17	1	1	0	5	4
19	17	3	0	2	3	3
19	18	1	1	0	1	5
19	18	0	0	0	2	5
19	18	1	1	0	2	4
19	18	1	1	0	0	5
19	18	3	1	2	2	2
19	19	1	1	0	1	1
19	19	1	1	0	5	5
19	19	1	1	0	0	5
20	1	3	1	0	0	5
20	2	0	0	0	2	5
20	2	3	1	0	0	5
20	2	1	1	0	2	5
20	3	1	1	0	1	5
20	3	0	0	0	2	5
20	4	0	0	0	2	5
20	4	1	1	0	2	5
20	5	0	0	0	2	5
20	5	3	1	0	0	5
20	6	1	1	0	1	5
20	8	1	1	0	1	5
20	9	3	1	0	0	5
20	10	1	1	0	1	5
20	10	0	0	0	2	5
20	10	3	1	0	0	5
20	10	1	1	0	2	5
20	11	0	0	0	2	5
20	11	1	1	0	2	5
20	12	1	1	0	1	5
20	12	0	0	0	2	5
20	13	1	1	0	1	5
20	14	1	1	0	1	5
20	14	3	1	0	0	5
20	15	0	0	0	2	5
20	15	1	1	0	2	5
20	16	1	1	0	1	5
20	16	0	0	0	2	5
20	16	3	1	0	0	5
20	17	1	1	0	1	5
20	17	0	0	0	2	5
20	17	3	1	0	0	5
20	18	3	1	0	0	5
20	19	1	1	0	1	5
20	19	3	1	0	0	5
21	0	0	0	0	2	5
21	0	1	1	0	2	5
21	0	5	0	0	2	3
21	1	0	0	0	2	4
21	1	2	0	1	2	4
21	2	0	0	0	2	2
21	2	1	1	0	2	4
21	2	5	0	0	2	2
21	3	0	0	0	2	4
21	3	1	1	0	2	4
21	3	2	0	1	2	4
21	4	0	0	0	2	1
21	4	1	1	0	2	3
21	5	0	0	0	2	2
21	5	1	1	0	2	1
21	5	2	0	1	2	2
21	6	1	1	0	2	1
21	6	2	0	1	2	2
21	8	5	0	0	2	3
21	9	5	0	0	2	4
21	10	1	1	0	2	4
21	11	1	1	0	2	4
21	13	1	1	0	2	4
21	14	1	1	0	2	4
21	14	5	0	0	2	4
21	14	2	0	1	2	2
21	15	1	1	0	2	4
21	16	1	1	0	2	3
21	17	0	0	0	2	1
21	17	1	1	0	2	4
21	18	1	1	0	2	3
21	19	0	0	0	2	4
21	19	1	1	0	2	1
22	0	0	0	0	2	5
22	0	5	1	0	6	5
22	0	0	1	2	5	5
22	1	0	0	0	2	3
22	1	0	1	2	5	1
22	2	3	0	3	4	2
22	2	5	1	0	6	5
22	2	0	1	2	5	5
22	3	3	0	3	4	4
22	3	0	0	0	2	3
22	4	3	0	3	4	5
22	4	0	1	2	5	3
22	5	3	0	3	4	3
22	5	0	1	2	5	4
22	6	3	0	3	4	2
22	7	0	0	0	2	3
22	7	0	1	2	5	1
22	8	3	0	3	4	2
22	8	5	1	0	6	5
22	9	3	0	3	4	4
22	9	5	1	0	6	4
22	9	0	1	2	5	2
22	10	5	1	0	6	2
22	11	3	0	3	4	5
22	11	0	0	0	2	5
22	11	5	1	0	6	1
22	11	0	1	2	5	2
22	12	0	0	0	2	5
22	12	0	1	2	5	1
22	13	0	0	0	2	4
22	13	5	1	0	6	2
22	14	3	0	3	4	3
22	14	0	0	0	2	3
22	14	0	1	2	5	5
22	16	3	0	3	4	4
22	16	0	0	0	2	5
22	16	5	1	0	6	4
22	17	5	1	0	6	5
22	18	0	0	0	2	5
22	19	5	1	0	6	1
23	1	1	0	0	2	4
23	2	1	0	0	2	3
23	4	1	0	0	2	3
23	5	1	0	0	2	2
23	8	1	0	0	2	2
23	10	1	0	0	2	2
23	16	1	0	0	2	4
23	17	1	0	0	2	2
23	18	1	0	0	2	5
23	19	1	0	0	2	5
24	0	3	1	2	8	1
24	2	3	1	2	8	3
24	5	3	1	2	8	1
24	7	3	1	2	8	1
24	8	3	1	2	8	3
24	11	3	1	2	8	1
24	12	3	1	2	8	1
24	14	3	1	2	8	1
24	16	3	1	2	8	1
24	19	3	1	2	8	1
25	0	1	1	0	1	2
25	0	4	0	2	4	1
25	0	3	0	2	2	1
25	0	0	0	0	2	4
25	0	3	1	0	2	1
25	1	1	1	0	1	1
25	1	4	0	2	4	1
25	1	3	0	2	2	1
25	1	0	0	0	2	2
25	1	3	1	0	2	1
25	2	1	1	0	1	4
25	2	4	0	2	4	4
25	2	3	0	2	2	4
25	2	0	0	0	2	3
25	2	3	1	0	2	4
25	3	1	1	0	1	4
25	3	4	0	2	4	1
25	3	3	0	2	2	4
25	3	0	0	0	2	4
25	3	3	1	0	2	4
25	4	1	1	0	1	4
25	4	4	0	2	4	1
25	4	3	0	2	2	1
25	4	0	0	0	2	2
25	4	3	1	0	2	1
25	5	1	1	0	1	1
25	5	4	0	2	4	1
25	5	3	0	2	2	1
25	5	0	0	0	2	2
25	5	3	1	0	2	1
25	17	1	1	0	1	3
25	17	4	0	2	4	4
25	17	3	0	2	2	4
25	17	0	0	0	2	2
25	17	3	1	0	2	4
25	19	1	1	0	1	1
25	19	4	0	2	4	1
25	19	3	0	2	2	1
25	19	0	0	0	2	1
25	19	3	1	0	2	1
26	1	0	0	0	2	5
26	2	0	0	0	2	3
26	5	0	0	0	2	3
26	7	0	0	0	2	4
26	8	0	0	0	2	4
26	10	0	0	0	2	4
26	13	0	0	0	2	4
26	17	0	0	0	2	5
26	18	0	0	0	2	5
26	19	0	0	0	2	5
27	0	1	0	0	1	4
27	1	5	0	0	5	1
27	2	5	0	0	5	1
27	2	1	0	0	1	1
27	3	5	0	0	5	1
27	3	0	1	0	2	2
27	4	0	1	0	2	3
27	5	5	0	0	5	5
27	6	5	0	0	5	1
27	6	1	0	0	1	5
27	6	0	1	0	2	1
27	7	1	0	0	1	1
27	8	5	0	0	5	5
27	8	0	1	0	2	3
27	9	0	1	0	2	2
27	11	1	0	0	1	4
27	11	0	1	0	2	3
27	14	5	0	0	5	4
27	14	1	0	0	1	1
27	14	0	1	0	2	4
27	15	5	0	0	5	4
27	15	1	0	0	1	1
27	16	5	0	0	5	4
27	16	1	0	0	1	4
27	16	0	1	0	2	3
27	17	1	0	0	1	3
27	17	0	1	0	2	5
27	18	0	1	0	2	3
27	19	5	0	0	5	5
27	19	1	0	0	1	4
28	0	0	0	0	2	4
28	2	0	0	0	2	1
28	6	0	0	0	2	5
28	7	0	0	0	2	3
28	8	0	0	0	2	4
28	9	0	0	0	2	4
28	10	0	0	0	2	5
28	11	0	0	0	2	4
28	14	0	0	0	2	5
28	17	0	0	0	2	1
29	0	0	1	0	2	5
29	1	0	1	0	2	3
29	2	0	1	0	2	4
29	3	0	1	0	2	2
29	4	0	1	0	2	4
29	5	0	1	0	2	5
29	17	0	1	0	2	1
29	19	0	1	0	2	5
30	0	0	0	0	2	4
30	1	0	0	0	2	5
30	3	0	0	0	2	3
30	4	0	0	0	2	5
30	6	0	0	0	2	1
30	8	0	0	0	2	2
30	9	0	0	0	2	4
30	10	0	0	0	2	3
30	11	0	0	0	2	3
30	12	0	0	0	2	4
30	13	0	0	0	2	2
30	14	0	0	0	2	3
30	15	0	0	0	2	2
30	16	0	0	0	2	2
30	18	0	0	0	2	4
31	0	0	0	0	2	4
31	1	0	0	0	2	5
31	9	0	0	0	2	3
31	11	0	0	0	2	4
31	18	0	0	0	2	4
32	3	3	0	2	4	3
32	6	3	0	2	4	3
32	7	3	0	2	4	2
32	8	3	0	2	4	3
32	9	3	0	2	4	2
33	1	0	0	0	3	5
33	3	0	0	0	3	5
33	4	0	0	0	3	4
33	5	5	0	0	5	4
33	8	5	0	0	5	3
33	15	5	0	0	5	4
33	16	5	0	0	5	1
33	17	0	0	0	3	1
33	19	0	0	0	3	5
33	19	5	0	0	5	5
34	0	3	0	2	7	2
34	1	3	0	2	7	1
34	2	3	0	2	7	1
34	3	3	0	2	7	5
34	19	3	0	2	7	3
35	3	1	1	0	1	3
35	4	1	1	0	1	4
35	8	1	1	0	1	3
35	13	1	1	0	1	1
35	18	1	1	0	1	3
36	0	0	1	0	0	4
36	0	0	0	0	2	5
36	1	0	1	0	0	1
36	1	0	0	0	2	5
36	2	0	1	0	0	1
36	3	0	1	0	0	1
36	4	0	1	0	0	1
36	5	0	1	0	0	2
36	6	0	1	0	0	1
36	11	0	0	0	2	3
36	13	0	0	0	2	2
36	15	0	1	0	0	1
36	16	0	1	0	0	3
36	17	0	1	0	0	3
36	18	0	0	0	2	4
37	0	0	0	0	2	5
37	1	0	0	0	2	3
37	3	0	0	0	2	3
37	4	0	0	0	2	1
37	6	0	0	0	2	3
37	8	0	0	0	2	2
37	9	0	0	0	2	4
37	10	0	0	0	2	3
37	11	0	0	0	2	3
37	12	0	0	0	2	4
37	13	0	0	0	2	3
37	16	0	0	0	2	4
37	18	0	0	0	2	3
38	0	1	0	0	4	3
38	1	1	0	0	4	5
38	2	1	0	0	4	1
38	3	1	0	0	4	2
38	19	1	0	0	4	3
39	0	1	0	0	4	4
39	0	0	0	0	2	4
39	1	1	0	0	4	1
39	1	0	0	0	2	5
39	2	1	0	0	4	3
39	3	1	0	0	4	5
39	9	0	0	0	2	5
39	11	0	0	0	2	5
39	18	0	0	0	2	1
39	19	1	0	0	4	4
40	0	0	0	0	2	1
40	0	3	0	0	9	1
40	1	0	0	0	2	1
40	1	3	0	0	9	1
40	2	3	0	0	9	2
40	3	3	0	0	9	3
40	9	0	0	0	2	2
40	10	0	0	0	2	2
40	11	0	0	0	2	3
40	19	3	0	0	9	1
41	0	0	0	0	10	4
41	0	0	0	0	2	4
41	1	0	0	0	2	3
41	9	0	0	0	2	4
41	11	0	0	0	2	4
41	12	0	0	0	2	3
42	0	1	0	0	4	5
42	1	1	0	0	4	5
42	2	1	0	0	4	1
42	3	1	0	0	4	5
42	19	1	0	0	4	5
43	0	1	0	0	9	4
43	1	1	0	0	9	3
43	2	1	0	0	9	2
43	3	1	0	0	9	1
43	4	1	0	0	9	4
43	5	1	0	0	9	2
43	6	1	0	0	9	4
43	7	1	0	0	9	4
43	17	1	0	0	9	1
43	19	1	0	0	9	4
